                           variant   h market  n_anchor   ret   idx     ew  ex_idx  ex_idx_lo  ex_idx_hi  p_beat_idx  ex_ew  ex_ew_lo  ex_ew_hi  kospi_share  size_pct  amt_pct  avg_winners_of20  worst
R1 full (mom12_1+beta60+near_high)  60    ALL        23 0.132 0.077  0.014   0.055     -0.008      0.123       0.478  0.118     0.037     0.210        0.424     0.803    0.909             2.348 -0.370
R1 full (mom12_1+beta60+near_high)  60  KOSPI        23 0.165 0.160  0.040   0.005     -0.059      0.075       0.435  0.125     0.050     0.233        1.000     0.886    0.911             1.739 -0.351
R1 full (mom12_1+beta60+near_high)  60 KOSDAQ        23 0.093 0.024 -0.002   0.069     -0.008      0.154       0.609  0.096     0.008     0.191        0.000     0.715    0.858             2.478 -0.469
R1 full (mom12_1+beta60+near_high) 120    ALL        20 0.259 0.208  0.070   0.051     -0.010      0.115       0.550  0.189     0.058     0.326        0.432     0.791    0.906             1.400 -0.206
R1 full (mom12_1+beta60+near_high) 120  KOSPI        20 0.406 0.380  0.119   0.026     -0.062      0.124       0.500  0.287     0.119     0.467        1.000     0.873    0.901             1.550 -0.090
R1 full (mom12_1+beta60+near_high) 120 KOSDAQ        20 0.127 0.096  0.039   0.030     -0.067      0.095       0.550  0.087    -0.046     0.223        0.000     0.702    0.855             1.450 -0.173
       R1-beta (mom12_1+near_high)  60    ALL        23 0.060 0.077  0.014  -0.017     -0.057      0.030       0.391  0.046     0.006     0.092        0.493     0.812    0.880             1.826 -0.386
       R1-beta (mom12_1+near_high)  60  KOSPI        23 0.084 0.160  0.040  -0.076     -0.152     -0.005       0.348  0.043    -0.000     0.109        1.000     0.897    0.910             1.174 -0.321
       R1-beta (mom12_1+near_high)  60 KOSDAQ        23 0.033 0.024 -0.002   0.008     -0.031      0.057       0.435  0.035    -0.019     0.095        0.000     0.680    0.816             2.000 -0.460
       R1-beta (mom12_1+near_high) 120    ALL        20 0.193 0.208  0.070  -0.015     -0.118      0.128       0.400  0.122     0.103     0.197        0.497     0.801    0.872             1.250 -0.412
       R1-beta (mom12_1+near_high) 120  KOSPI        20 0.271 0.380  0.119  -0.110     -0.335      0.126       0.450  0.151     0.074     0.238        1.000     0.890    0.900             1.050 -0.150
       R1-beta (mom12_1+near_high) 120 KOSDAQ        20 0.080 0.096  0.039  -0.016     -0.037      0.040       0.450  0.041     0.001     0.131        0.000     0.673    0.813             1.100 -0.492
         R1-mom (beta60+near_high)  60    ALL        30 0.105 0.055  0.003   0.050     -0.002      0.096       0.667  0.102     0.038     0.169        0.367     0.738    0.880             2.533 -0.474
         R1-mom (beta60+near_high)  60  KOSPI        30 0.117 0.125  0.031  -0.008     -0.049      0.037       0.367  0.086     0.023     0.176        1.000     0.873    0.910             1.633 -0.331
         R1-mom (beta60+near_high)  60 KOSDAQ        30 0.062 0.010 -0.015   0.052      0.003      0.103       0.567  0.077     0.017     0.141        0.000     0.642    0.852             2.433 -0.513
         R1-mom (beta60+near_high) 120    ALL        27 0.164 0.132  0.023   0.032     -0.000      0.081       0.667  0.141     0.059     0.245        0.387     0.735    0.881             1.370 -0.214
         R1-mom (beta60+near_high) 120  KOSPI        27 0.265 0.275  0.079  -0.010     -0.045      0.046       0.481  0.187     0.058     0.334        1.000     0.865    0.905             1.111 -0.159
         R1-mom (beta60+near_high) 120 KOSDAQ        27 0.075 0.040 -0.012   0.036     -0.021      0.110       0.407  0.087    -0.003     0.210        0.000     0.634    0.856             1.333 -0.392
      R1-nearhigh (mom12_1+beta60)  60    ALL        23 0.096 0.077  0.014   0.019     -0.044      0.085       0.565  0.082     0.000     0.173        0.365     0.789    0.891             2.043 -0.483
      R1-nearhigh (mom12_1+beta60)  60  KOSPI        23 0.163 0.160  0.040   0.003     -0.049      0.058       0.565  0.123     0.049     0.226        1.000     0.875    0.910             1.565 -0.366
      R1-nearhigh (mom12_1+beta60)  60 KOSDAQ        23 0.068 0.024 -0.002   0.043     -0.030      0.126       0.609  0.070    -0.017     0.164        0.000     0.735    0.858             2.304 -0.457
      R1-nearhigh (mom12_1+beta60) 120    ALL        20 0.227 0.208  0.070   0.019     -0.067      0.116       0.500  0.156    -0.017     0.352        0.392     0.780    0.883             1.500 -0.164
      R1-nearhigh (mom12_1+beta60) 120  KOSPI        20 0.397 0.380  0.119   0.017     -0.032      0.079       0.500  0.278     0.105     0.468        1.000     0.864    0.901             1.400 -0.037
      R1-nearhigh (mom12_1+beta60) 120 KOSDAQ        20 0.123 0.096  0.039   0.026     -0.093      0.109       0.600  0.084    -0.058     0.228        0.000     0.720    0.850             1.250 -0.253
               R1 + amt20 (유동성 추가)  60    ALL        23 0.160 0.077  0.014   0.083      0.013      0.166       0.652  0.145     0.056     0.254        0.496     0.877    0.957             2.565 -0.406
               R1 + amt20 (유동성 추가)  60  KOSPI        23 0.203 0.160  0.040   0.044     -0.006      0.103       0.609  0.163     0.080     0.286        1.000     0.948    0.963             1.913 -0.346
               R1 + amt20 (유동성 추가)  60 KOSDAQ        23 0.081 0.024 -0.002   0.057     -0.013      0.133       0.609  0.083    -0.000     0.177        0.000     0.769    0.911             2.261 -0.430
               R1 + amt20 (유동성 추가) 120    ALL        20 0.325 0.208  0.070   0.117      0.041      0.187       0.800  0.254     0.097     0.423        0.495     0.870    0.954             1.600 -0.152
               R1 + amt20 (유동성 추가) 120  KOSPI        20 0.468 0.380  0.119   0.087      0.023      0.177       0.650  0.348     0.208     0.519        1.000     0.943    0.959             1.600 -0.047
               R1 + amt20 (유동성 추가) 120 KOSDAQ        20 0.154 0.096  0.039   0.058     -0.027      0.147       0.550  0.115    -0.008     0.280        0.000     0.761    0.910             1.550 -0.259
                R1 + size↓ (소형 한정)  60    ALL        23 0.008 0.077  0.014  -0.069     -0.124     -0.014       0.174 -0.007    -0.072     0.069        0.243     0.282    0.654             1.565 -0.521
                R1 + size↓ (소형 한정)  60  KOSPI        23 0.073 0.160  0.040  -0.087     -0.148     -0.033       0.261  0.033    -0.037     0.117        1.000     0.500    0.695             1.348 -0.292
                R1 + size↓ (소형 한정)  60 KOSDAQ        23 0.009 0.024 -0.002  -0.015     -0.077      0.065       0.348  0.012    -0.056     0.091        0.000     0.309    0.662             1.696 -0.504
                R1 + size↓ (소형 한정) 120    ALL        20 0.037 0.208  0.070  -0.171     -0.248     -0.115       0.150 -0.033    -0.105     0.024        0.270     0.272    0.642             0.950 -0.315
                R1 + size↓ (소형 한정) 120  KOSPI        20 0.213 0.380  0.119  -0.167     -0.348     -0.046       0.250  0.094    -0.091     0.324        1.000     0.457    0.677             1.100 -0.130
                R1 + size↓ (소형 한정) 120 KOSDAQ        20 0.026 0.096  0.039  -0.070     -0.148     -0.017       0.250 -0.013    -0.095     0.051        0.000     0.298    0.650             1.050 -0.222
            R1 with mom126 instead  60    ALL        30 0.098 0.055  0.003   0.043     -0.002      0.084       0.600  0.095     0.040     0.157        0.365     0.756    0.907             2.567 -0.374
            R1 with mom126 instead  60  KOSPI        30 0.106 0.125  0.031  -0.018     -0.058      0.026       0.333  0.075     0.006     0.180        1.000     0.872    0.908             1.500 -0.354
            R1 with mom126 instead  60 KOSDAQ        30 0.078 0.010 -0.015   0.068      0.013      0.132       0.633  0.093     0.028     0.168        0.000     0.690    0.873             2.733 -0.501
            R1 with mom126 instead 120    ALL        27 0.149 0.132  0.023   0.017     -0.016      0.073       0.481  0.125     0.045     0.228        0.372     0.751    0.905             1.370 -0.250
            R1 with mom126 instead 120  KOSPI        27 0.253 0.275  0.079  -0.022     -0.071      0.034       0.407  0.174     0.028     0.327        1.000     0.861    0.900             1.074 -0.203
            R1 with mom126 instead 120 KOSDAQ        27 0.079 0.040 -0.012   0.039      0.004      0.086       0.593  0.091     0.030     0.179        0.000     0.683    0.874             1.519 -0.284
                    near_high only  60    ALL        30 0.001 0.055  0.003  -0.054     -0.108     -0.005       0.400 -0.002    -0.041     0.040        0.463     0.651    0.706             1.200 -0.402
                    near_high only  60  KOSPI        30 0.002 0.125  0.031  -0.122     -0.227     -0.037       0.167 -0.029    -0.064     0.015        1.000     0.811    0.772             0.733 -0.364
                    near_high only  60 KOSDAQ        30 0.008 0.010 -0.015  -0.003     -0.042      0.039       0.500  0.023    -0.017     0.064        0.000     0.509    0.729             1.767 -0.545
                    near_high only 120    ALL        27 0.044 0.132  0.023  -0.088     -0.175      0.003       0.519  0.021    -0.031     0.070        0.454     0.647    0.711             0.630 -0.355
                    near_high only 120  KOSPI        27 0.101 0.275  0.079  -0.175     -0.323     -0.015       0.259  0.022    -0.004     0.056        1.000     0.811    0.754             0.481 -0.139
                    near_high only 120 KOSDAQ        27 0.021 0.040 -0.012  -0.018     -0.069      0.023       0.444  0.033    -0.012     0.083        0.000     0.503    0.733             1.074 -0.344

비겹침 h120:
  anchor   ret   idx     ew  ex_idx  ex_ew  kospi_share  size_pct  amt_pct  n_win  worst_pick  best_pick
20241226 0.106 0.221  0.213  -0.115 -0.107         0.45     0.685    0.843      1      -0.748      1.283
20250630 0.249 0.232  0.046   0.016  0.203         0.50     0.867    0.929      1      -0.540      1.964
20251223 0.279 0.458 -0.055  -0.178  0.334         0.10     0.787    0.943      3      -0.577      4.916

비겹침 h60:
  anchor    ret    idx     ew  ex_idx  ex_ew  kospi_share  size_pct  amt_pct  n_win  worst_pick  best_pick
20240927 -0.187 -0.106 -0.112  -0.080 -0.075         0.50     0.739    0.890      0      -0.506      0.234
20241226  0.064  0.042  0.035   0.022  0.029         0.45     0.685    0.843      3      -0.544      0.964
20250331  0.254  0.170  0.174   0.084  0.079         0.30     0.732    0.931      3      -0.715      1.564
20250630  0.027  0.109  0.025  -0.082  0.002         0.50     0.867    0.929      1      -0.379      0.616
20250923  0.491  0.108  0.020   0.382  0.470         0.30     0.795    0.928      7      -0.284      1.706
20251223  0.282  0.278  0.156   0.003  0.125         0.10     0.787    0.943      2      -0.237      1.833
20260326 -0.118  0.125 -0.193  -0.243  0.074         0.25     0.814    0.901      3      -0.795      1.237
20260624 -0.095 -0.122  0.034   0.026 -0.130         0.20     0.871    0.905      0      -0.445      0.431

월별 h120:
  anchor    ret    idx     ew  ex_idx  ex_ew  kospi_share  size_pct  amt_pct  n_win  worst_pick  best_pick
20240801  0.191 -0.051 -0.054   0.242  0.245         0.45     0.757    0.899      1      -0.702      2.143
20240902  0.147 -0.042 -0.039   0.189  0.186         0.60     0.773    0.872      1      -0.469      1.013
20241002 -0.141 -0.080 -0.091  -0.061 -0.050         0.50     0.762    0.907      1      -0.511      1.190
20241101 -0.079 -0.030 -0.009  -0.049 -0.070         0.50     0.686    0.865      0      -0.387      0.957
20241202  0.103  0.107  0.130  -0.004 -0.027         0.45     0.747    0.860      1      -0.671      1.312
20250102  0.028  0.161  0.139  -0.133 -0.111         0.35     0.693    0.851      1      -0.710      1.127
20250203  0.241  0.191  0.140   0.050  0.100         0.50     0.708    0.844      1      -0.340      1.888
20250304  0.297  0.137  0.092   0.160  0.205         0.55     0.826    0.934      1      -0.321      1.263
20250401  0.217  0.300  0.232  -0.083 -0.015         0.35     0.711    0.924      2      -0.824      2.727
20250502  0.634  0.411  0.144   0.224  0.490         0.50     0.827    0.851      3      -0.549      2.137
20250602  0.755  0.296  0.080   0.459  0.674         0.40     0.804    0.936      4      -0.489      3.614
20250701  0.281  0.242  0.047   0.038  0.234         0.60     0.883    0.933      1      -0.550      1.998
20250801  0.383  0.545  0.227  -0.161  0.157         0.60     0.721    0.884      2      -0.588      1.948
20250901  0.691  0.547  0.214   0.144  0.477         0.50     0.853    0.957      2      -0.377      2.425
20251001  0.374  0.345  0.146   0.029  0.228         0.15     0.807    0.928      1      -0.470      1.985
20251103  0.465  0.411  0.288   0.054  0.177         0.45     0.883    0.962      1      -0.238      2.143
20251201  0.468  0.545  0.140  -0.077  0.328         0.20     0.745    0.877      2      -0.552      3.363
20260102  0.172  0.234 -0.083  -0.062  0.255         0.10     0.778    0.941      3      -0.723      2.666
20260202 -0.206 -0.154 -0.260  -0.052  0.054         0.35     0.899    0.923      0      -0.864      0.877
20260303  0.163  0.047 -0.073   0.116  0.236         0.55     0.958    0.973      0      -0.732      1.107

현재 R1 top20 (2026-09-23):
ticker     name market  mom12_1  beta60  days_since_high  size_pct  amt_pct
031980 피에스케이홀딩스 KOSDAQ     2.84    1.79              2.0      0.88     0.87
131290     티에스이 KOSDAQ     5.95    1.68              9.0      0.87     0.91
092870      엑시콘 KOSDAQ     1.93    1.69              0.0      0.64     0.77
159010     아스플로 KOSDAQ     6.68    1.47              0.0      0.54     0.62
064290    인텍플러스 KOSDAQ     2.24    1.51              1.0      0.68     0.83
080220    제주반도체 KOSDAQ     3.29    2.08             65.0      0.85     0.96
089970      브이엠 KOSDAQ     3.52    1.69             58.0      0.79     0.89
319660    피에스케이 KOSDAQ     4.47    1.61             58.0      0.89     0.91
402340    SK스퀘어  KOSPI     5.66    1.62             65.0      1.00     1.00
000660   SK하이닉스  KOSPI     5.02    1.57             62.0      1.00     1.00
084370     유진테크 KOSDAQ     2.08    1.70             58.0      0.88     0.85
144960  뉴파워프라즈마 KOSDAQ     1.14    1.50              0.0      0.63     0.74
098120  마이크로컨텍솔 KOSDAQ     2.04    1.33              0.0      0.60     0.69
252990    샘씨엔에스 KOSDAQ     2.07    1.29              2.0      0.75     0.75
009150     삼성전기  KOSPI     7.21    1.45             66.0      1.00     1.00
170920      엘티씨 KOSDAQ     1.79    1.74             72.0      0.55     0.68
032580     피델릭스 KOSDAQ     4.10    1.94             83.0      0.40     0.61
009155           KOSPI     5.34    1.37             65.0      0.78     0.81
417840      저스템 KOSDAQ     2.54    1.80             82.0      0.54     0.81
067310   하나마이크론 KOSDAQ     1.51    1.43             65.0      0.87     0.94