기준(전 종목): {'all': {'n': 854276, 'hit': 8.79, 'touch': 15.35, 'first_up': 42.57, 'term': -0.77, 'mae': -9.89}, '2024': {'n': 313785, 'hit': 6.72, 'touch': 12.25, 'first_up': 42.92, 'term': -1.67, 'mae': -9.32}, '2025': {'n': 313239, 'hit': 8.96, 'touch': 14.83, 'first_up': 42.92, 'term': 1.03, 'mae': -7.78}, '2026': {'n': 227252, 'hit': 11.41, 'touch': 20.36, 'first_up': 41.62, 'term': -2.02, 'mae': -13.6}}

[적중률 ~ 낙폭] 칸 454개: 적중 = -0.3% + -0.92 × 낙폭 · 상관 -0.89

[낙폭 대비 적중이 높은 칸 상위 15]
        feature  decile      n   hit  touch  first_up  term    mae  joint  hit_resid
       amihud20       1  85061 10.84  17.57     44.11  1.41  -8.82   5.42       3.06
           mcap      10  85757  9.68  15.69     44.64  1.59  -7.88   4.89       2.75
          price      10  85756  9.68  15.65     44.00  1.08  -8.26   4.88       2.40
     log_amount      10  85704 12.39  20.91     42.92  0.25 -11.27   5.81       2.35
           beta      10  85731 13.65  22.92     41.25 -0.24 -12.66   6.00       2.35
          nh252      10  85810 11.17  18.83     44.14  0.39 -10.10   5.43       2.21
    up_fraction      10  84516 11.26  19.21     44.03  0.22 -10.34   5.52       2.08
days_since_high       1  68658 13.11  22.81     43.44 -0.26 -12.42   6.24       2.03
      up_streak       5 104821 10.57  18.47     47.36  0.74  -9.66   5.65       2.01
           mcap       9  85422  9.96  16.30     43.56  0.53  -9.00   4.79       2.00
       amihud20       2  85406 11.30  18.82     42.69  0.21 -10.47   5.21       1.99
        dlow252      10  85593 15.21  26.63     42.02 -1.31 -14.76   6.95       1.98
           lv20       8  85482 12.44  20.92     41.90 -0.64 -11.84   5.70       1.88
        dlow252       9  85397 12.83  22.17     42.04 -0.78 -12.52   5.85       1.65
         turn20       6  85338 10.38  17.58     42.79 -0.08  -9.99   4.89       1.52

[적중률 상위 15 칸]
        feature  decile     n   hit  touch  first_up  term    mae  joint  hit_resid
        dlow252      10 85593 15.21  26.63     42.02 -1.31 -14.76   6.95       1.98
           rs60      10 85568 14.26  25.86     41.89 -2.18 -15.10   6.47       0.72
          ret60      10 85576 14.07  25.50     41.85 -2.14 -14.95   6.37       0.67
         ret120      10 85565 14.03  25.33     42.08 -1.85 -14.73   6.37       0.83
           beta      10 85731 13.65  22.92     41.25 -0.24 -12.66   6.00       2.35
        ma60gap      10 85553 13.63  25.19     41.60 -2.38 -14.94   6.34       0.24
      mom120_20      10 85668 13.54  23.91     42.11 -1.56 -13.92   6.07       1.08
        ma20gap      10 85539 13.50  24.55     40.91 -1.99 -14.36   6.28       0.63
           rs20      10 85538 13.43  24.85     41.27 -2.27 -14.75   6.22       0.22
          ret20      10 85539 13.36  24.76     41.31 -2.23 -14.63   6.18       0.25
      ma20slope      10 85568 13.29  24.61     41.95 -2.03 -14.32   6.19       0.46
          bbw20      10 85487 13.23  24.61     41.31 -2.68 -15.15   5.91      -0.36
days_since_high       1 68658 13.11  22.81     43.44 -0.26 -12.42   6.24       2.03
           ret5      10 85522 12.84  22.95     40.09 -2.03 -13.89   5.95       0.42
        dlow252       9 85397 12.83  22.17     42.04 -0.78 -12.52   5.85       1.65

[첫날 상승 비율 상위 10 칸]
  feature  decile      n   hit  first_up  term   mae
up_streak       5 104821 10.57     47.36  0.74 -9.66
     lv20       1  85172  2.95     45.28  0.05 -5.06
     lv60       1  85178  2.85     45.26  0.13 -4.85
     on60       1  85092  8.37     45.21 -1.03 -9.86
    atr14       1  85174  2.95     45.15  0.31 -4.81
   ivol60       1  85177  3.41     45.06  0.12 -5.23
    max21       1  85169  3.56     45.04 -0.22 -5.87
     on60       2  85491  7.21     45.01 -0.45 -8.47
 downside       1  85157  3.45     44.92  0.03 -5.31
     mcap      10  85757  9.68     44.64  1.59 -7.88

[평균 수익 상위 10 칸]
  feature  decile      n   hit  first_up  term    mae
     mcap      10  85757  9.68     44.64  1.59  -7.88
 amihud20       1  85061 10.84     44.11  1.41  -8.82
    price      10  85756  9.68     44.00  1.08  -8.26
up_streak       5 104821 10.57     47.36  0.74  -9.66
     mcap       9  85422  9.96     43.56  0.53  -9.00
    nh252      10  85810 11.17     44.14  0.39 -10.10
    atr14       1  85174  2.95     45.15  0.31  -4.81
   turn20       1  85154  5.08     44.51  0.29  -6.36
     lv60       2  85513  5.05     44.52  0.26  -6.43
   ivol60       2  85522  5.70     44.17  0.26  -6.77

[위 '낙폭 대비 적중' 상위 15 칸의 연도별 적중·평균수익 (기준: 2024 적중 6.7% 평균 -1.67% / 2025 적중 9.0% 평균 +1.03% / 2026 적중 11.4% 평균 -2.02%)]
                          hit                  mae                term            
period                   2024   2025   2026   2024   2025   2026  2024  2025  2026
feature         decile                                                            
amihud20        1        7.42  12.31  13.56  -8.46  -6.49 -12.52 -0.24  3.91  0.24
mcap            10       6.23  11.15  12.43  -7.33  -5.88 -11.41  0.30  3.74  0.43
price           10       6.61  10.40  12.92  -7.86  -6.23 -11.62 -0.29  2.94  0.41
log_amount      10       8.85  13.59  15.61 -11.19  -8.79 -14.81 -1.73  2.77 -0.48
beta            10       9.82  13.92  18.58 -12.40  -9.38 -17.54 -2.63  2.67 -0.96
nh252           10       7.72  12.39  14.22  -9.08  -8.43 -13.78 -0.90  2.33 -0.49
up_fraction     10       8.64  12.93  12.60  -9.62  -8.00 -14.54 -0.90  3.06 -2.10
days_since_high 1        6.45  13.74  16.50 -11.72  -9.77 -16.48 -3.49  1.99 -1.26
up_streak       5        9.73   9.33  11.84  -7.47  -6.41 -12.97  1.80  2.54 -1.00
mcap            9        6.61  10.01  14.52  -8.54  -6.83 -12.65 -1.12  2.38  0.27
amihud20        2        7.56  12.05  15.42 -10.06  -7.97 -14.50 -1.62  2.80 -0.85
dlow252         10      12.12  16.55  17.63 -14.29 -12.24 -18.88 -2.95  1.27 -2.61
lv20            8        9.63  12.31  16.49 -11.11  -9.38 -16.22 -1.98  1.34 -1.50
dlow252         9        9.90  12.66  17.12 -11.67 -10.28 -16.77 -2.12  0.92 -1.29
turn20          6        8.08  10.15  13.88  -9.27  -7.82 -13.97 -0.99  1.52 -1.05

[공격 풀] n 85750 · 적중 14.2% · 닿음 23.5% · 첫날↑ 42.6% · 평균 +0.48% · 낙폭 -12.0%

[풀 안에서 적중↑ 이면서 낙폭↓ 인 칸 — 평균수익 개선 순 상위 15]
        feature  quintile     n   hit  touch  first_up  term    mae  d_hit  d_mae  d_term
          price         5 17415 16.24  24.46     44.82  3.42  -9.69   2.05   2.35    2.94
           mcap         5 17414 15.38  22.96     44.59  3.35  -9.23   1.19   2.82    2.87
       amihud20         1 16899 16.53  24.78     44.40  3.35 -10.00   2.34   2.04    2.86
     log_amount         5 17414 17.03  26.38     43.38  2.62 -11.58   2.83   0.47    2.14
      up_streak         3 17988 15.42  26.26     43.77  1.86 -11.46   1.22   0.58    1.37
         skew60         2 17128 15.21  23.75     43.49  1.80 -10.94   1.02   1.11    1.32
        vol5_60         3 17168 15.00  23.59     43.67  1.70 -11.01   0.81   1.04    1.21
           mcap         4 17128 16.27  26.28     43.20  1.68 -11.86   2.08   0.18    1.19
          max21         3 17168 15.07  23.98     42.54  1.61 -11.56   0.88   0.49    1.13
           lv20         3 17168 15.62  24.34     43.38  1.57 -11.60   1.43   0.45    1.09
        vol5_60         2 17128 14.96  23.42     43.44  1.46 -11.14   0.77   0.91    0.98
           lv60         3 17168 16.11  25.47     42.84  1.44 -11.86   1.91   0.19    0.96
   volume_ratio         3 17168 14.87  23.72     43.12  1.41 -11.18   0.68   0.86    0.92
days_since_high         3 13576 14.74  24.47     43.39  1.36 -11.74   0.55   0.31    0.88
         skew60         3 17168 15.72  24.87     42.97  1.34 -11.92   1.53   0.13    0.86

[그 칸들의 연도별 (풀 기준: 2024 적중 8.7% 평균 -2.27% 낙폭 -11.4% / 2025 적중 15.8% 평균 +3.33% 낙폭 -9.4% / 2026 적중 19.6% 평균 +0.37% 낙폭 -16.7%)]
                            hit                  mae               term            
period                     2024   2025   2026   2024  2025   2026  2024  2025  2026
feature         quintile                                                           
price           5          9.75  18.60  21.96  -8.54 -7.38 -14.48  0.75  5.88  3.74
mcap            5          7.68  18.90  21.18  -7.88 -6.95 -14.24  0.59  6.20  3.25
amihud20        1          9.21  19.62  22.38  -9.24 -7.44 -14.58  0.09  6.32  3.75
log_amount      5          9.41  20.34  23.00 -11.61 -8.71 -15.49 -1.68  6.15  3.72
up_streak       3          9.59  16.06  19.53  -9.82 -8.86 -15.72 -0.61  4.22  1.27
skew60          2          9.19  15.89  22.60 -10.13 -8.33 -15.67 -1.04  4.05  2.62
vol5_60         3          9.55  16.34  20.71 -10.18 -8.45 -15.68 -0.69  4.15  1.62
mcap            4         10.34  18.33  21.63 -11.09 -9.31 -16.46 -1.16  4.36  1.88
max21           3          9.77  15.94  21.22 -10.78 -8.85 -16.37 -0.97  4.47  1.25
lv20            3          9.82  17.37  21.24 -10.85 -8.90 -16.36 -1.23  4.41  1.55
vol5_60         2          9.00  16.37  21.26 -10.62 -8.36 -15.68 -1.63  4.26  1.86
lv60            3          9.44  17.90  22.86 -11.95 -9.03 -15.62 -2.69  4.76  2.59
volume_ratio    3          9.76  15.75  20.73 -10.35 -8.80 -15.61 -0.94  3.65  1.55
days_since_high 3          5.38  14.78  21.07 -11.88 -8.90 -15.84 -3.91  3.36  2.03
skew60          3          9.95  17.47  21.30 -11.02 -9.33 -16.73 -1.40  4.07  1.38
