[밤사이 vs 장중] 목록 다음날 평균 수익 %(가드 통과 종목)
  전 종목                         밤사이 +0.188% · 장중 -0.182% · 장중 양(+)인 날 44%
  거래대금 상위10                    밤사이 +0.295% · 장중 -0.086% · 장중 양(+)인 날 48%
  고베타+고점 근접                    밤사이 +0.449% · 장중 -0.130% · 장중 양(+)인 날 48%
  가격4요소                        밤사이 +0.025% · 장중 +0.060% · 장중 양(+)인 날 53%
  공격형∩시총 상위20%(사후 추가)          밤사이 +0.307% · 장중 -0.073% · 장중 양(+)인 날 49%

목록일 644일 (20240102~20260825) · slot = 하루 10자리 평균 수익%(미체결 0) · vs_base = 같은 후보의 '시가·20봉 보유' 대비(같은 날짜 짝, 20일 블록 CI)

[E2 진입 방식 — 청산은 20봉 보유 고정]
               rule    entry  n_fill  fill  win20  win20_per_signal  mean             slot_ci             vs_base  loss    mae  d0_up  d1_up
          거래대금 상위10 close_up    2381  37.0   16.3               6.0  3.52 +1.30 [-0.00,+2.53] -1.50 [-3.41,+0.39]  50.6 -12.49    0.0   47.2
          거래대금 상위10   limit3    2275  35.3   16.2               5.7  1.94 +0.68 [-0.74,+1.85] -2.12 [-4.23,-0.16]  51.6 -14.50   50.9   49.4
          거래대금 상위10     open    6435  99.9   15.1              15.0  2.80 +2.80 [-0.39,+5.89] +0.00 [+0.00,+0.00]  50.3 -12.26   45.0   46.6
          거래대금 상위10    stop1    3131  48.6   16.8               8.2  3.39 +1.65 [-0.12,+3.47] -1.15 [-2.50,+0.31]  50.5 -12.22   42.5   46.8
          거래대금 상위10    stop3    4302  66.8   16.3              10.9  3.12 +2.09 [-0.30,+4.52] -0.72 [-1.54,+0.25]  50.8 -12.28   43.5   46.6
              가격4요소 close_up    2649  41.1    2.8               1.2  1.03 +0.42 [-0.28,+1.08] -0.58 [-1.20,+0.18]  48.0  -4.83    0.0   49.4
              가격4요소   limit3     451   7.0    2.7               0.2  2.04 +0.14 [-0.04,+0.32] -0.86 [-2.04,+0.46]  39.5  -5.51   65.2   61.9
              가격4요소     open    6440 100.0    2.6               2.6  1.00 +1.00 [-0.44,+2.25] +0.00 [+0.00,+0.00]  48.1  -4.71   47.7   50.1
              가격4요소    stop1    3631  56.4    2.9               1.7  0.99 +0.56 [-0.33,+1.39] -0.44 [-0.88,+0.14]  48.4  -4.93   42.9   47.5
              가격4요소    stop3    4677  72.6    3.0               2.1  1.01 +0.73 [-0.40,+1.78] -0.27 [-0.55,+0.11]  48.3  -4.89   42.7   47.3
          고베타+고점 근접 close_up    2350  36.5   20.6               7.5  3.15 +1.15 [-0.63,+2.74] -1.21 [-3.54,+1.26]  53.7 -17.78    0.0   45.4
          고베타+고점 근접   limit3    3414  53.0   19.3              10.2  1.82 +0.96 [-1.27,+3.00] -1.40 [-3.36,+0.66]  56.8 -18.23   48.6   46.4
          고베타+고점 근접     open    6421  99.7   19.9              19.8  2.37 +2.36 [-1.80,+6.10] +0.00 [+0.00,+0.00]  55.3 -17.40   43.8   45.0
          고베타+고점 근접    stop1    3297  51.2   20.5              10.5  2.51 +1.29 [-0.98,+3.47] -1.07 [-2.79,+0.91]  55.0 -17.74   43.3   45.8
          고베타+고점 근접    stop3    4392  68.2   20.2              13.8  2.35 +1.60 [-1.38,+4.33] -0.76 [-1.90,+0.54]  55.1 -17.75   43.1   45.9
공격형∩시총 상위20%(사후 추가) close_up    2450  38.0   18.9               7.2  3.90 +1.48 [-0.21,+2.93] -2.00 [-4.28,+0.44]  50.5 -14.16    0.0   47.4
공격형∩시총 상위20%(사후 추가)   limit3    2773  43.1   18.8               8.1  2.86 +1.23 [-0.59,+2.80] -2.25 [-4.54,+0.11]  52.5 -15.45   50.1   49.6
공격형∩시총 상위20%(사후 추가)     open    6430  99.8   18.5              18.5  3.49 +3.48 [-0.61,+7.16] +0.00 [+0.00,+0.00]  51.0 -13.99   45.2   46.8
공격형∩시총 상위20%(사후 추가)    stop1    3309  51.4   19.8              10.2  3.95 +2.03 [-0.24,+4.20] -1.45 [-3.06,+0.37]  50.5 -14.13   43.7   47.6
공격형∩시총 상위20%(사후 추가)    stop3    4458  69.2   19.6              13.6  3.91 +2.71 [-0.36,+5.47] -0.77 [-1.80,+0.29]  50.8 -14.09   44.6   47.9

[E3 청산 방식 — 진입은 다음날 시가 고정]
               rule      exit  n_fill  win20  mean  median             slot_ci             vs_base  loss    p10  worst    mae  bars  unresolved
          거래대금 상위10      hold    6435   15.1  2.80   -0.11 +2.80 [-0.39,+5.89] +0.00 [+0.00,+0.00]  50.3 -19.02 -68.66 -12.26 20.00          13
          거래대금 상위10        tp    6435   28.3  1.74    1.12 +1.74 [-0.52,+3.99] -1.06 [-2.18,+0.16]  47.0 -18.53 -68.66 -11.33 17.11          13
          거래대금 상위10     tp_be    6435   25.3  1.64   -0.50 +1.64 [-0.48,+3.79] -1.16 [-2.37,+0.18]  54.9 -16.58 -68.66 -10.18 15.61          10
          거래대금 상위10  tp_cstop    6435   26.0  1.23   -1.48 +1.23 [-0.65,+3.27] -1.58 [-3.08,+0.12]  53.3 -14.16 -55.78  -9.07 13.12           9
          거래대금 상위10   tp_stop    6435   24.6  0.99   -3.36 +0.99 [-0.67,+2.87] -1.82 [-3.37,+0.02]  56.3 -10.50 -55.26  -7.84 11.80           4
          거래대금 상위10 tp_time10    6435   25.8  1.32   -1.97 +1.32 [-0.52,+3.21] -1.48 [-2.96,+0.19]  57.6 -14.74 -59.50  -9.40 12.76           9
              가격4요소      hold    6440    2.6  1.00    0.23 +1.00 [-0.44,+2.25] +0.00 [+0.00,+0.00]  48.1  -7.17 -31.40  -4.71 20.00          13
              가격4요소        tp    6440    5.3  1.06    0.29 +1.06 [-0.17,+2.17] +0.06 [-0.16,+0.30]  47.6  -7.16 -31.40  -4.66 19.66          12
              가격4요소     tp_be    6440    5.2  1.05    0.11 +1.05 [-0.13,+2.12] +0.05 [-0.21,+0.38]  49.1  -7.01 -31.40  -4.57 19.48          12
              가격4요소  tp_cstop    6440    5.3  1.08    0.28 +1.08 [-0.08,+2.16] +0.08 [-0.21,+0.46]  47.8  -7.77 -23.58  -4.51 19.16          11
              가격4요소   tp_stop    6440    5.3  0.98    0.23 +0.98 [-0.17,+2.04] -0.03 [-0.38,+0.42]  48.2 -10.50 -23.58  -4.39 18.79          11
              가격4요소 tp_time10    6440    5.1  0.85   -0.88 +0.85 [-0.17,+1.90] -0.15 [-0.50,+0.36]  57.4  -6.00 -30.31  -4.03 15.71          11
          고베타+고점 근접      hold    6421   19.9  2.37   -2.96 +2.36 [-1.80,+6.10] +0.00 [+0.00,+0.00]  55.3 -27.41 -84.15 -17.40 20.00          16
          고베타+고점 근접        tp    6421   42.2  1.42    2.86 +1.42 [-1.08,+3.64] -0.94 [-2.72,+0.97]  46.6 -26.01 -81.76 -14.92 15.08          15
          고베타+고점 근접     tp_be    6421   34.9  1.27   -0.50 +1.27 [-0.75,+3.13] -1.09 [-3.15,+1.31]  58.7 -22.82 -81.76 -12.91 12.73          12
          고베타+고점 근접  tp_cstop    6421   34.6  0.47   -7.86 +0.47 [-1.40,+2.34] -1.89 [-4.30,+0.95]  57.6 -15.93 -45.39 -10.89  9.29           1
          고베타+고점 근접   tp_stop    6421   30.9  0.04  -10.50 +0.04 [-1.48,+1.59] -2.32 [-5.01,+0.88]  63.2 -10.70 -37.54  -9.06  7.55           1
          고베타+고점 근접 tp_time10    6421   37.3  0.91   -2.63 +0.91 [-1.12,+2.89] -1.45 [-3.69,+1.20]  55.8 -20.95 -62.64 -12.58 10.72           2
공격형∩시총 상위20%(사후 추가)      hold    6430   18.5  3.49   -0.50 +3.48 [-0.61,+7.16] +0.00 [+0.00,+0.00]  51.0 -21.32 -81.76 -13.99 20.00           9
공격형∩시총 상위20%(사후 추가)        tp    6430   35.8  2.13    2.29 +2.12 [-0.53,+4.60] -1.36 [-2.77,+0.24]  46.0 -20.53 -81.76 -12.59 16.25           8
공격형∩시총 상위20%(사후 추가)     tp_be    6430   30.9  1.82   -0.50 +1.82 [-0.35,+4.03] -1.66 [-3.29,+0.35]  56.5 -18.66 -81.76 -11.20 14.30           5
공격형∩시총 상위20%(사후 추가)  tp_cstop    6430   32.2  1.58   -2.57 +1.58 [-0.50,+3.70] -1.90 [-3.85,+0.48]  53.2 -14.69 -45.39  -9.78 11.60           3
공격형∩시총 상위20%(사후 추가)   tp_stop    6430   29.4  0.98  -10.50 +0.98 [-0.82,+2.83] -2.50 [-4.62,+0.11]  58.1 -10.50 -39.02  -8.37  9.98           2
공격형∩시총 상위20%(사후 추가) tp_time10    6430   32.1  1.61   -2.08 +1.61 [-0.45,+3.73] -1.87 [-3.75,+0.33]  56.0 -16.42 -70.41 -10.61 11.97           4

[조합 전체 중 실제 청산 +20% 비율 상위 12 (체결 500건 이상)]
               rule    entry      exit  n_fill  fill  win20  mean             slot_ci             vs_base  loss    mae  bars
          고베타+고점 근접   limit3        tp    3414  53.0   43.9  1.43 +0.76 [-0.64,+1.90] -1.60 [-4.42,+1.33]  46.5 -15.64 14.81
          고베타+고점 근접    stop1        tp    3297  51.2   43.0  1.43 +0.73 [-0.58,+1.97] -1.63 [-4.29,+1.44]  45.7 -14.92 14.89
          고베타+고점 근접 close_up        tp    2350  36.5   42.9  1.67 +0.61 [-0.42,+1.49] -1.75 [-4.75,+1.51]  45.5 -15.43 15.18
          고베타+고점 근접    stop3        tp    4392  68.2   42.7  1.34 +0.92 [-0.84,+2.56] -1.44 [-3.73,+1.17]  45.9 -14.96 14.91
          고베타+고점 근접     open        tp    6421  99.7   42.2  1.42 +1.42 [-1.08,+3.64] -0.94 [-2.72,+0.97]  46.6 -14.92 15.08
공격형∩시총 상위20%(사후 추가)   limit3        tp    2773  43.1   39.3  2.14 +0.92 [-0.24,+1.94] -2.56 [-5.29,+0.40]  45.5 -13.78 15.73
          고베타+고점 근접   limit3 tp_time10    3414  53.0   38.8  0.98 +0.52 [-0.55,+1.51] -1.84 [-4.89,+1.46]  54.9 -13.24 10.55
          고베타+고점 근접    stop1 tp_time10    3297  51.2   38.3  1.05 +0.54 [-0.56,+1.61] -1.82 [-4.80,+1.52]  55.2 -12.50 10.54
          고베타+고점 근접    stop3 tp_time10    4392  68.2   37.9  0.93 +0.64 [-0.80,+2.07] -1.72 [-4.38,+1.36]  55.4 -12.52 10.54
          고베타+고점 근접 close_up tp_time10    2350  36.5   37.4  1.18 +0.43 [-0.34,+1.16] -1.93 [-5.17,+1.64]  55.2 -12.99 10.85
          고베타+고점 근접     open tp_time10    6421  99.7   37.3  0.91 +0.91 [-1.12,+2.89] -1.45 [-3.69,+1.20]  55.8 -12.58 10.72
공격형∩시총 상위20%(사후 추가)    stop1        tp    3309  51.4   37.1  2.30 +1.18 [-0.24,+2.60] -2.30 [-4.59,+0.32]  45.4 -12.56 16.14

[조합 전체 중 거래당 평균 수익 상위 12 (체결 500건 이상)]
               rule    entry exit  n_fill  fill  win20  mean             slot_ci             vs_base  loss    mae  bars
공격형∩시총 상위20%(사후 추가)    stop1 hold    3309  51.4   19.8  3.95 +2.03 [-0.24,+4.20] -1.45 [-3.06,+0.37]  50.5 -14.13  20.0
공격형∩시총 상위20%(사후 추가)    stop3 hold    4458  69.2   19.6  3.91 +2.71 [-0.36,+5.47] -0.77 [-1.80,+0.29]  50.8 -14.09  20.0
공격형∩시총 상위20%(사후 추가) close_up hold    2450  38.0   18.9  3.90 +1.48 [-0.21,+2.93] -2.00 [-4.28,+0.44]  50.5 -14.16  20.0
          거래대금 상위10 close_up hold    2381  37.0   16.3  3.52 +1.30 [-0.00,+2.53] -1.50 [-3.41,+0.39]  50.6 -12.49  20.0
공격형∩시총 상위20%(사후 추가)     open hold    6430  99.8   18.5  3.49 +3.48 [-0.61,+7.16] +0.00 [+0.00,+0.00]  51.0 -13.99  20.0
          거래대금 상위10    stop1 hold    3131  48.6   16.8  3.39 +1.65 [-0.12,+3.47] -1.15 [-2.50,+0.31]  50.5 -12.22  20.0
          고베타+고점 근접 close_up hold    2350  36.5   20.6  3.15 +1.15 [-0.63,+2.74] -1.21 [-3.54,+1.26]  53.7 -17.78  20.0
          거래대금 상위10    stop3 hold    4302  66.8   16.3  3.12 +2.09 [-0.30,+4.52] -0.72 [-1.54,+0.25]  50.8 -12.28  20.0
공격형∩시총 상위20%(사후 추가)   limit3 hold    2773  43.1   18.8  2.86 +1.23 [-0.59,+2.80] -2.25 [-4.54,+0.11]  52.5 -15.45  20.0
          거래대금 상위10     open hold    6435  99.9   15.1  2.80 +2.80 [-0.39,+5.89] +0.00 [+0.00,+0.00]  50.3 -12.26  20.0
          고베타+고점 근접    stop1 hold    3297  51.2   20.5  2.51 +1.29 [-0.98,+3.47] -1.07 [-2.79,+0.91]  55.0 -17.74  20.0
          고베타+고점 근접     open hold    6421  99.7   19.9  2.37 +2.36 [-1.80,+6.10] +0.00 [+0.00,+0.00]  55.3 -17.40  20.0

[연도별 — 실제 +20% 청산 비율(win20, 0~1) · 거래당 평균% · 기준 대비 slot 차이%p]
                                  d_slot                 mean                win20              
period                              2024   2025   2026   2024   2025   2026   2024   2025   2026
rule           entry    exit                                                                    
highbeta_high  open     hold       0.000  0.000  0.000 -0.414  7.373 -1.026  0.140  0.248  0.214
                        tp         0.016 -3.500  1.489 -0.398  3.867  0.474  0.345  0.447  0.502
                        tp_stop   -0.722 -6.041  0.930 -1.137  1.322 -0.090  0.251  0.350  0.337
                        tp_time10  0.045 -4.843  1.444 -0.369  2.522  0.428  0.310  0.394  0.439
               stop1    hold      -0.056 -2.963  0.252 -0.953  8.493 -1.438  0.132  0.272  0.210
                        tp         0.091 -5.336  1.409 -0.656  3.910  0.732  0.340  0.466  0.504
               limit3   hold       0.856 -4.189 -0.600  0.869  6.493 -2.586  0.158  0.227  0.196
                        tp         0.509 -5.337  0.852  0.188  4.144 -0.267  0.377  0.454  0.498
               close_up tp         0.143 -5.648  1.303 -0.735  4.663  0.798  0.327  0.485  0.501
control_amount open     hold       0.000  0.000  0.000  0.192  5.711  2.389  0.101  0.177  0.188
                        tp        -0.406 -1.843 -0.886 -0.215  3.867  1.502  0.201  0.289  0.401
                        tp_stop   -0.925 -3.221 -1.043 -0.734  2.488  1.344  0.168  0.261  0.343
                        tp_time10 -0.583 -3.086 -0.406 -0.391  2.623  1.982  0.183  0.262  0.367
               stop1    hold      -0.257 -2.218 -0.909 -0.146  6.685  2.980  0.104  0.205  0.195
                        tp        -0.416 -3.502 -1.608 -0.503  4.223  1.570  0.202  0.315  0.407
               limit3   hold       0.221 -4.457 -2.147  1.226  4.400  0.493  0.128  0.182  0.182
                        tp         0.193 -4.818 -2.227  1.141  3.131  0.327  0.298  0.314  0.403
               close_up tp        -0.210 -4.114 -1.726 -0.048  4.092  1.913  0.209  0.317  0.393
highbeta_large open     hold       0.000  0.000  0.000 -0.693  7.787  3.351  0.093  0.244  0.237
                        tp         0.267 -3.237 -0.979 -0.426  4.548  2.367  0.228  0.400  0.497
                        tp_stop   -0.191 -5.247 -1.863 -0.884  2.537  1.479  0.192  0.350  0.365
                        tp_time10  0.198 -4.438 -1.123 -0.495  3.346  2.222  0.210  0.358  0.437
               stop1    hold       0.304 -3.079 -1.673 -0.791  8.846  3.190  0.089  0.279  0.230
                        tp         0.408 -5.195 -2.049 -0.580  4.867  2.467  0.231  0.426  0.488
               limit3   hold       0.633 -5.348 -1.956 -0.154  6.316  2.447  0.114  0.218  0.237
                        tp         0.881 -6.163 -2.344  0.483  4.203  1.758  0.286  0.388  0.513
               close_up tp         0.449 -5.787 -2.496 -0.637  5.086  2.332  0.217  0.428  0.470
